image: myMap.pgm
resolution: 0.050000
origin: [-6.499880, -6.472867, 0.000000]
negate: 0
occupied_thresh: 0.65
free_thresh: 0.196
